1 0.536366 0.811368 0.039474 0.043860
1 0.126278 0.716339 0.038012 0.046784
1 0.124816 0.817215 0.038012 0.052632
1 0.667946 0.706103 0.048246 0.043860
1 0.852887 0.763854 0.049708 0.048246
1 0.607275 0.765315 0.038012 0.036550
1 0.298064 0.790899 0.045322 0.038012
1 0.317069 0.743385 0.036550 0.039474
1 0.192069 0.796016 0.046784 0.042398
1 0.783442 0.804058 0.039474 0.035088
1 0.297333 0.878619 0.046784 0.040936
1 0.409906 0.915901 0.046784 0.036550
1 0.418677 0.853765 0.049708 0.035088
1 0.579496 0.926134 0.055556 0.048246
0 0.571455 0.858151 0.045322 0.038012
0 0.719846 0.844261 0.052632 0.042398
