0 0.511585 0.423928 0.045798 0.046930
0 0.248492 0.540888 0.106211 0.114181
0 0.529611 0.611063 0.074056 0.067398
0 0.456530 0.714206 0.118879 0.127193
0 0.724007 0.704630 0.100365 0.158041
0 0.861887 0.517496 0.074056 0.090789
0 0.677722 0.479484 0.056516 0.061550
0 0.593435 0.437086 0.055542 0.061550
0 0.055071 0.337671 0.033130 0.032310
0 0.012432 0.388914 0.024864 0.040936
0 0.094535 0.350098 0.043849 0.060088
0 0.170050 0.361890 0.035100 0.039460
0 0.809756 0.350171 0.030207 0.045322
0 0.894039 0.388109 0.037021 0.063012
0 0.978817 0.383724 0.040925 0.063012
0 0.801960 0.458285 0.049695 0.068860
0 0.733751 0.407847 0.055542 0.061550
0 0.419015 0.384455 0.030207 0.044006
0 0.334728 0.383797 0.038977 0.057018
0 0.369320 0.472174 0.053593 0.052778
0 0.059456 0.486136 0.049695 0.042398
0 0.106715 0.500683 0.068209 0.063012
