0 0.719961 0.518596 0.030957 0.055013
0 0.652608 0.467301 0.026774 0.056500
1 0.670596 0.407084 0.025937 0.043118
0 0.717451 0.343892 0.029284 0.059474
0 0.746317 0.265090 0.028447 0.047579
1 0.665995 0.317873 0.021754 0.046092
0 0.885626 0.367682 0.029284 0.056500
0 0.956325 0.530491 0.031794 0.072855
0 0.696534 0.811505 0.032631 0.063934
0 0.571867 0.856853 0.035978 0.068395
0 0.384031 0.835294 0.036814 0.060961
0 0.281119 0.840498 0.035141 0.065421
0 0.182808 0.208590 0.022591 0.047579
0 0.309566 0.140939 0.023427 0.046092
0 0.407458 0.204130 0.023427 0.053526
0 0.539655 0.136479 0.023427 0.046092
0 0.469374 0.143912 0.020081 0.052040
0 0.487781 0.943091 0.035141 0.065421
0 0.197450 0.894024 0.033467 0.065421
0 0.027603 0.392959 0.028447 0.062447
0 0.566847 0.505958 0.032631 0.056500
0 0.791080 0.407826 0.034304 0.053526
0 0.818690 0.271037 0.027611 0.056500
0 0.754683 0.158780 0.020081 0.046092
0 0.412478 0.320103 0.025101 0.053526
0 0.436743 0.318616 0.021754 0.056500
0 0.365205 0.355787 0.024264 0.056500
0 0.248906 0.345380 0.029284 0.056500
0 0.178206 0.346122 0.023427 0.063934
1 0.225480 0.512650 0.030957 0.060961
0 0.623324 0.274754 0.021754 0.049066
0 0.407458 0.445741 0.030121 0.046092
0 0.383613 0.560972 0.029284 0.041632
0 0.830822 0.836037 0.036814 0.053526
0 0.226316 0.056857 0.017570 0.038807
0 0.668087 0.613011 0.025937 0.056500
0 0.521666 0.260629 0.022591 0.041632
0 0.984773 0.341662 0.023427 0.049066
0 0.555552 0.360248 0.021754 0.050553
0 0.636292 0.349840 0.020917 0.041632
0 0.596968 0.305979 0.025937 0.043118
0 0.079895 0.199669 0.022591 0.041632
0 0.137627 0.630110 0.029284 0.052040
1 0.138045 0.158038 0.023427 0.041632
0 0.517065 0.562459 0.028447 0.053526
0 0.256437 0.182570 0.024264 0.034197
0 0.521248 0.359505 0.025101 0.043118
1 0.492382 0.404853 0.030957 0.044605
1 0.336759 0.286649 0.027611 0.049066
0 0.543420 0.743853 0.032631 0.059474
0 0.184900 0.578814 0.025101 0.044605
0 0.479832 0.609295 0.037651 0.060961
0 0.744644 0.690986 0.025101 0.061131
0 0.817435 0.541643 0.030121 0.065421
0 0.851740 0.594426 0.025101 0.057987
1 0.396582 0.719320 0.031794 0.063934
0 0.861779 0.735676 0.035141 0.063934
0 0.660138 0.739392 0.033467 0.062447
0 0.158963 0.819682 0.040161 0.068395
0 0.308730 0.693270 0.030121 0.053465
0 0.510371 0.455406 0.026774 0.047579
