1 0.810347 0.254336 0.035088 0.058626
0 0.452160 0.485403 0.067251 0.070175
0 0.353230 0.301929 0.056534 0.077475
0 0.409275 0.288035 0.043860 0.055556
0 0.165122 0.324584 0.052632 0.073099
0 0.085685 0.278529 0.051650 0.074556
0 0.618777 0.311353 0.053704 0.049854
0 0.655816 0.340593 0.063454 0.099561
0 0.769362 0.267494 0.046881 0.067398
0 0.527647 0.276996 0.035185 0.068860
0 0.478427 0.276996 0.034211 0.051316
0 0.300551 0.236792 0.039084 0.058626
0 0.885347 0.241909 0.054678 0.074708
0 0.939002 0.266836 0.060429 0.074561
0 0.563222 0.281383 0.069298 0.065936
0 0.714294 0.361061 0.092690 0.090789
