     0/199     4.03G      6.74      4.97      1.94      13.6        25       384         0         0   0.00829         0      4.38      2.96      1.42
     1/199     4.48G      4.83      3.39      1.57      9.78        39       384     0.222     0.202     0.137     0.176      4.13      2.15      1.05
     2/199     4.63G      4.85      2.61      1.25       8.7        89       384     0.313     0.407     0.303     0.354      3.09      1.62     0.836
     3/199     4.63G      4.61      2.04     0.906      7.56        22       384     0.518     0.391     0.373     0.445      3.35      1.29     0.673
     4/199     4.63G      4.15      1.74     0.763      6.66        22       384     0.651     0.378     0.416     0.475      3.65      1.12     0.707
     5/199     4.63G      4.19      1.56      0.67      6.42        28       384     0.437     0.465     0.367     0.449      2.95         1     0.667
     6/199     4.63G      3.67      1.41     0.648      5.72        27       384     0.496      0.48     0.409     0.488      2.78     0.953     0.649
     7/199     4.63G      3.65       1.3     0.509      5.46        19       384      0.63     0.382     0.434     0.464      2.69      1.04      0.97
     8/199     4.63G      3.59      1.32     0.518      5.42        31       384     0.617     0.479     0.459     0.521      2.85     0.916     0.751
     9/199     4.63G       3.6      1.37     0.591      5.56        26       384     0.721     0.185     0.349     0.273       3.5      1.35      1.26
    10/199     4.63G      3.33      1.36      0.49      5.18        25       384    0.0751      0.33    0.0563     0.122      3.03      4.94     0.923
    11/199     4.63G      3.25      1.36     0.505      5.12        24       384     0.653     0.487      0.48     0.548      2.62     0.941     0.579
    12/199     4.63G      3.31      1.24     0.449         5        26       384     0.582     0.507     0.481     0.541      2.69     0.898     0.545
    13/199     4.63G      3.18      1.29     0.472      4.94        21       384     0.663     0.452     0.499      0.53      2.42      1.06     0.801
    14/199     4.63G      3.16      1.32     0.454      4.94        22       384     0.376     0.401     0.283     0.383      3.18      1.82     0.891
    15/199     4.63G      3.08      1.33     0.374      4.79        34       384     0.627     0.469      0.41     0.532      2.83      1.15     0.788
    16/199     4.63G         3       1.2      0.33      4.53        25       384     0.812     0.466       0.5     0.592      2.72      1.02     0.478
    17/199     4.63G      3.04      1.22     0.386      4.65        22       384     0.864      0.47     0.535     0.609      2.29     0.883     0.559
    18/199     4.63G       2.9       1.2     0.312      4.41        24       384     0.746     0.519     0.533     0.609      2.36     0.846     0.531
    19/199     4.63G      2.86      1.17     0.245      4.28        33       384     0.815     0.515     0.539     0.629      2.28      0.79     0.521
    20/199     4.63G      2.73      1.11     0.252      4.09        32       384     0.841     0.534     0.565     0.652      2.07     0.849     0.439
    21/199     4.63G      2.75      1.11     0.205      4.06        33       384       0.8     0.511     0.537     0.622      2.29     0.886     0.439
    22/199     4.63G      2.69      1.15     0.262      4.11        28       384     0.821     0.529     0.538     0.643      2.17     0.836     0.516
    23/199     4.63G      2.59      1.13     0.195      3.91        25       384     0.744     0.538     0.568     0.624      2.03     0.823     0.484
    24/199     4.63G      2.57      1.02     0.177      3.76        18       384     0.854     0.534     0.576     0.654       2.1      0.81     0.518
    25/199     4.63G      2.55      1.05     0.193       3.8        27       384     0.846      0.53     0.591      0.65      2.19     0.789     0.482
    26/199     4.63G      2.51      1.07     0.164      3.74        29       384     0.827     0.507     0.577     0.626      2.26     0.783     0.485
    27/199     4.63G      2.49      1.06     0.175      3.72        23       384     0.846     0.514     0.554     0.637      2.15     0.806     0.518
    28/199     4.63G      2.44      1.06     0.273      3.77        22       384     0.902     0.514     0.565     0.653      2.04     0.936     0.492
    29/199     4.63G      2.44      1.08     0.219      3.74        31       384     0.837     0.522     0.573     0.641      2.01     0.775     0.576
    30/199     4.63G      2.45      1.06     0.169      3.69        25       384     0.851     0.542     0.591     0.661       2.2     0.802     0.555
    31/199     4.63G      2.34      1.07     0.164      3.57        29       384     0.897     0.526     0.583     0.662      2.07     0.797     0.487
    32/199     4.63G      2.39      1.06     0.118      3.56        18       384     0.852     0.543     0.597     0.663      2.09     0.773     0.522
    33/199     4.63G       2.4      1.02     0.114      3.54        83       384     0.861      0.53     0.633     0.653      2.05     0.811     0.471
    34/199     4.63G      2.36         1     0.156      3.52        34       384     0.856     0.534     0.597     0.656       2.1     0.766     0.506
    35/199     4.63G      2.29     0.965     0.124      3.38        27       384       0.8     0.533     0.565      0.64       2.1     0.839     0.557
    36/199     4.63G       2.3      1.01     0.184       3.5        21       384     0.882     0.499      0.55     0.637      2.22      0.79     0.627
    37/199     4.63G      2.29     0.959     0.179      3.43        81       384     0.848     0.523     0.599     0.647      2.32      0.78     0.539
    38/199     4.63G      2.18      1.02     0.178      3.39        25       384     0.919     0.534     0.652     0.674         2     0.772     0.467
    39/199     4.63G      2.13     0.963     0.102       3.2        32       384     0.888     0.548     0.616     0.677      2.14     0.765     0.495
    40/199     4.63G      2.18     0.959     0.129      3.27        29       384     0.869      0.53     0.616     0.655      2.17     0.803     0.473
    41/199     4.63G      2.11     0.968     0.144      3.23        29       384     0.846     0.538     0.607     0.656      2.06     0.828     0.479
    42/199     4.63G      2.07     0.985     0.121      3.18        24       384     0.844     0.541     0.587     0.657      1.92     0.771     0.477
    43/199     4.63G      2.09     0.923     0.116      3.13        22       384     0.899     0.526     0.581      0.66       2.1     0.754     0.499
    44/199     4.63G      2.01     0.928    0.0722      3.01        25       384     0.889     0.534     0.593     0.664      2.09     0.822     0.499
    45/199     4.63G      1.99     0.915    0.0879         3        18       384      0.88     0.538     0.609     0.664      2.15     0.783     0.494
    46/199     4.63G      2.09     0.925     0.178      3.19        27       384     0.835     0.534     0.583     0.645      2.26     0.807     0.497
    47/199     4.63G      1.99     0.938      0.12      3.04        25       384     0.871     0.542     0.616     0.666       2.1     0.815     0.497
    48/199     4.63G      1.97     0.947     0.159      3.07        24       384     0.908     0.538     0.641     0.672      2.14     0.764     0.496
    49/199     4.63G      1.93     0.897     0.137      2.96        29       384      0.88     0.553     0.621     0.678      2.05     0.754     0.453
    50/199     4.63G      2.09     0.926     0.101      3.12        28       384      0.92     0.556     0.685     0.692      2.06     0.748     0.492
    51/199     4.63G      1.95       0.9     0.127      2.98        29       384     0.915     0.549     0.657     0.684      1.95     0.749     0.465
    52/199     4.63G       1.9     0.918    0.0661      2.88        28       384     0.904     0.541     0.631     0.674      2.01     0.773     0.489
    53/199     4.63G      1.93     0.877     0.088       2.9        32       384     0.925     0.539     0.652     0.677      2.07     0.779     0.525
    54/199     4.63G      1.93     0.876     0.115      2.92        30       384     0.867     0.534     0.633     0.659      2.14     0.837     0.456
    55/199     4.63G      1.91     0.852    0.0965      2.86        25       384     0.916     0.536     0.657      0.67      2.11     0.817     0.477
    56/199     4.63G      1.83     0.926     0.167      2.92        34       384     0.908     0.516     0.629     0.657      2.06     0.831     0.558
    57/199     4.63G      1.87     0.882     0.109      2.86        19       384     0.926     0.526     0.651     0.665      2.04     0.762     0.446
    58/199     4.63G      1.91     0.858    0.0728      2.84        29       384     0.879     0.541     0.657     0.662      2.09     0.791     0.463
    59/199     4.63G      1.86     0.893     0.186      2.94        34       384     0.849     0.523     0.595     0.642      2.14     0.884     0.553
    60/199     4.63G      1.87     0.924     0.111       2.9        24       384     0.884     0.532     0.628     0.664      2.11     0.829     0.576
    61/199     4.63G      1.86     0.941     0.131      2.93        66       384     0.863     0.567     0.654     0.683      2.08     0.809     0.544
    62/199     4.63G      1.83     0.897      0.11      2.84        21       384     0.875     0.564      0.68     0.682      2.03     0.839     0.526
    63/199     4.63G      1.81     0.888     0.113      2.81        29       384     0.864     0.548     0.655     0.668      2.02     0.776     0.503
    64/199     4.63G      1.81      0.86    0.0841      2.76        29       384       0.9     0.555     0.682     0.686      2.03     0.735     0.518
    65/199     4.63G      1.81     0.898    0.0811      2.79        32       384      0.89     0.538     0.646     0.668      2.11     0.779     0.523
    66/199     4.63G      1.86      0.86     0.081       2.8        33       384     0.886     0.559     0.676     0.683      2.07     0.811     0.517
    67/199     4.63G      1.72     0.849    0.0985      2.67        37       384     0.884     0.601     0.679     0.716      2.15     0.824     0.529
    68/199     4.63G      1.77     0.858      0.15      2.78        35       384     0.886     0.579     0.686       0.7      2.05     0.779     0.549
    69/199     4.63G      1.84     0.819     0.125      2.79        37       384     0.896     0.538     0.669     0.669      2.04      0.77     0.512
    70/199     4.63G      1.77     0.819    0.0743      2.66        32       384     0.894     0.545     0.656     0.676      2.08     0.752     0.505
    71/199     4.63G      1.73     0.814     0.105      2.65        29       384     0.949      0.56     0.696     0.702      2.05     0.775     0.502
    72/199     4.63G      1.71     0.859    0.0979      2.67        27       384     0.886     0.603     0.695     0.717         2     0.769     0.512
    73/199     4.63G      1.69      0.83    0.0554      2.57        42       384     0.868     0.609     0.725     0.715      2.03     0.803     0.506
    74/199     4.63G      1.64     0.837    0.0956      2.58        26       384     0.858     0.616     0.718     0.717      2.03      0.82     0.484
    75/199     4.63G      1.65     0.789    0.0487      2.48        19       384     0.915     0.588     0.692     0.715      2.11     0.796      0.53
    76/199     4.63G      1.74     0.796    0.0686       2.6        24       384     0.891     0.611     0.695     0.725      2.16     0.856     0.528
    77/199     4.63G      1.59     0.814    0.0714      2.48        19       384     0.906     0.564     0.682     0.694      2.11     0.873     0.477
    78/199     4.63G      1.69     0.785    0.0453      2.52        38       384     0.936     0.541     0.673     0.681      2.03     0.891     0.509
    79/199     4.63G      1.62     0.764    0.0506      2.43        26       384     0.945     0.549     0.701     0.691      1.95     0.841     0.534
    80/199     4.63G      1.58     0.745    0.0731       2.4        29       384     0.892      0.57     0.691     0.695         2     0.832     0.537
    81/199     4.63G      1.53     0.747    0.0685      2.35        31       384     0.898     0.591     0.706     0.713      2.03     0.851     0.503
    82/199     4.63G       1.6      0.75    0.0591      2.41        24       384     0.861     0.605     0.695      0.71      2.01     0.864     0.558
    83/199     4.63G      1.55     0.766     0.068      2.38        27       384     0.869     0.616     0.699      0.72      2.07     0.872     0.545
    84/199     4.63G      1.56     0.759     0.126      2.45        26       384     0.851     0.635     0.699     0.725      2.05     0.856       0.5
    85/199     4.63G      1.53     0.745    0.0731      2.35        22       384     0.907     0.605     0.685     0.726      1.98     0.812     0.522
    86/199     4.63G      1.51     0.762    0.0493      2.32        47       384     0.905     0.565      0.71     0.692      1.93     0.822     0.519
    87/199     4.63G      1.52     0.745    0.0551      2.32        25       384     0.921     0.636      0.74     0.752      2.03     0.819     0.514
    88/199     4.63G      1.51     0.691    0.0825      2.28        32       384      0.92     0.628     0.721     0.746      2.05     0.853     0.491
    89/199     4.63G      1.48     0.731    0.0834       2.3        32       384     0.898     0.573     0.697       0.7      2.07     0.891     0.446
    90/199     4.63G      1.52     0.704    0.0524      2.27        43       384     0.915     0.579     0.702     0.709      2.05     0.868     0.466
    91/199     4.63G      1.49     0.747    0.0546      2.29        49       384      0.91     0.599     0.706     0.722      2.07     0.841     0.506
    92/199     4.63G      1.43     0.705    0.0527      2.19        23       384     0.908     0.596     0.708     0.719       2.1     0.856     0.508
    93/199     4.63G      1.47     0.747    0.0633      2.28        36       384     0.899     0.631     0.689     0.741      2.07     0.813     0.456
    94/199     4.63G      1.38     0.747    0.0457      2.18        35       384     0.889     0.669     0.724      0.76      2.07     0.857     0.464
    95/199     4.63G       1.4     0.712    0.0459      2.16        33       384     0.867     0.661     0.725     0.746      2.11     0.822     0.506
    96/199     4.63G       1.4     0.702    0.0336      2.14        44       384     0.906     0.627     0.729     0.741      2.07     0.886     0.494
    97/199     4.63G      1.35     0.671    0.0451      2.07        22       384     0.908     0.617     0.736     0.734      2.04     0.857     0.497
